Danzig  (2228,913)  (2221,890)  (2232,868)  (2258,918)  (2258,877)
Bialystok  (2340,912)  (2372,875)  (2308,930)  (2413,915)  (2345,932)  (2380,925)  (2397,885)
Kubyshev  (3085,739)  (3063,785)  (3081,693)  (3127,672)  (3059,831)
Yaroslavl  (2754,588)  (2793,600)  (2831,622)  (2871,602)  (2880,571)  (2831,569)  (2801,558)
Canarians  (970,1864)  (944,1870)  (1002,1867)
Alger  (1641,1718)  (1669,1697)  (1607,1724)  (1703,1688)  (1745,1684)  (1575,1738)
Messina  (2225,1516)  (2238,1536)  (2235,1580)
W.Canada  (95,227)  (49,272)  (49,226)  (140,273)  (95,181)  (141,194)  (47,180)  (94,318)  (186,243)  (13,134)  (59,134)  (13,88)
Marrakech  (1313,1856)  (1282,1856)  (1307,1787)  (1303,1874)  (1337,1765)  (1271,1859)  (1339,1854)  (1244,1863)  (1364,1754)
Gorky  (2946,664)  (2900,738)  (2900,692)  (2979,750)  (2992,658)  (2992,704)  (2888,646)
Nenets  (3032,147)  (2986,192)  (2986,146)  (3077,193)  (3032,101)  (3078,101)  (3078,147)  (2984,100)  (3031,238)  (2985,238)  (2940,192)  (2940,146)  (3123,193)  (3104,239)  (2939,239)  (3030,55)  (3076,55)  (3122,55)  (3124,101)  (3124,147)  (2938,76)  (2984,54)  (2922,30)  (3058,284)  (3012,284)  (2966,285)  (2920,285)  (3170,98)  (3170,144)
Stalingrad  (3037,959)  (3016,960)  (3002,948)  (3008,930)  (3028,919)  (3042,945)
W.Romania  (2382,1213)  (2412,1182)  (2418,1256)  (2411,1145)  (2466,1262)  (2456,1157)  (2376,1178)  (2374,1226)  (2456,1206)  (2507,1271)
Versailles  (1728,1176)  (1705,1146)  (1750,1134)  (1751,1179)  (1712,1180)
Bremen  (1939,922)  (1932,958)  (1948,950)  (1983,933)  (1984,911)  (1960,915)
sz3Atl  (166,979)  (120,1024)  (211,1025)  (126,933)  (172,933)  (212,979)  (218,927)  (165,1070)  (119,1070)  (257,1025)  (257,1071)  (211,1071)  (73,1071)  (124,887)  (170,887)  (258,973)  (216,881)  (262,881)  (264,927)  (39,1025)  (165,1116)  (119,1116)  (265,1117)  (219,1117)  (73,1117)  (27,1117)  (27,1071)  (119,841)  (165,841)  (211,835)  (257,835)  (173,1162)  (127,1162)  (265,1163)  (219,1163)  (81,1163)  (35,1163)  (106,795)  (152,795)  (198,789)  (244,789)
sz6Atl  (401,1255)  (355,1300)  (355,1254)  (446,1301)  (401,1209)  (447,1209)  (447,1255)  (353,1208)  (400,1346)  (354,1346)  (309,1300)  (309,1254)  (492,1301)  (492,1347)  (446,1347)  (308,1347)  (399,1163)  (445,1163)  (491,1163)  (493,1209)  (493,1255)  (313,1162)  (537,1119)  (400,1392)  (354,1392)  (263,1301)  (263,1255)  (538,1301)  (538,1347)  (538,1393)  (492,1393)  (446,1393)  (308,1393)  (262,1393)  (262,1347)  (359,1117)  (405,1117)  (451,1117)  (539,1165)  (539,1211)  (313,1116)  (497,1073)  (543,1073)  (400,1438)  (354,1438)  (573,1439)  (527,1439)  (481,1439)  (308,1439)  (262,1439)  (359,1071)  (405,1071)  (451,1071)  (313,1070)  (497,1027)  (543,1027)  (435,1484)  (389,1484)  (573,1485)  (527,1485)  (481,1485)  (343,1485)  (297,1485)  (251,1485)  (359,1025)  (405,1025)  (451,1025)  (313,1024)  (497,981)  (543,981)  (359,979)  (405,979)  (451,979)  (313,978)
sz5Atl  (692,1720)  (646,1765)  (646,1719)  (737,1766)  (692,1674)  (738,1674)  (738,1720)  (644,1673)  (691,1811)  (645,1811)  (600,1765)  (600,1719)  (783,1766)  (783,1812)  (737,1812)  (599,1812)  (690,1628)  (736,1628)  (782,1628)  (784,1674)  (784,1720)  (598,1673)  (598,1627)  (644,1627)  (828,1584)  (691,1857)  (645,1857)  (554,1766)  (554,1720)  (829,1766)  (829,1812)  (829,1858)  (783,1858)  (737,1858)  (599,1858)  (553,1858)  (553,1812)  (690,1582)  (736,1582)  (782,1582)  (830,1630)  (830,1676)  (552,1674)  (552,1628)  (552,1582)  (598,1581)  (644,1581)  (828,1538)  (874,1538)  (874,1584)  (691,1903)  (645,1903)  (508,1766)  (508,1720)  (875,1722)  (875,1768)  (875,1814)  (875,1860)  (829,1904)  (783,1904)  (737,1904)  (599,1904)  (553,1904)  (507,1904)  (507,1858)  (507,1812)  (690,1536)  (736,1536)  (782,1536)  (876,1630)  (876,1676)  (506,1674)  (506,1628)  (506,1582)  (621,1535)  (877,1906)  (828,1492)  (874,1492)  (920,1492)  (920,1538)  (920,1584)  (691,1949)  (645,1949)  (462,1765)  (921,1722)  (921,1768)  (921,1814)  (831,1950)  (785,1950)  (739,1950)  (599,1950)  (553,1950)  (507,1950)  (461,1950)  (667,1490)  (713,1490)  (759,1490)  (922,1630)  (922,1676)  (460,1719)  (460,1673)  (460,1627)  (460,1581)  (621,1489)  (923,1910)  (877,1952)  (416,1765)  (415,1952)  (414,1719)  (414,1673)  (414,1627)  (414,1581)
Krakow  (2247,1044)  (2303,1062)  (2228,1025)  (2333,1065)  (2295,1030)  (2265,1020)  (2332,1030)
Berlin  (2038,997)  (2029,977)  (2040,958)  (2066,964)  (2057,980)
sz2Atl  (485,598)  (439,643)  (439,597)  (530,644)  (485,552)  (531,552)  (531,598)  (437,551)  (484,689)  (438,689)  (393,643)  (393,597)  (576,644)  (576,690)  (530,690)  (392,690)  (525,506)  (571,506)  (577,552)  (577,598)  (391,551)  (391,505)  (437,505)  (347,644)  (347,598)  (346,718)  (540,460)  (586,460)  (407,459)  (301,672)  (300,718)  (255,672)  (254,718)  (208,718)
sz1Atl  (646,234)  (600,279)  (600,233)  (691,280)  (646,188)  (692,188)  (692,234)  (645,325)  (554,269)  (703,326)  (637,142)  (683,142)  (657,371)  (508,262)  (703,372)  (652,96)  (698,96)  (624,50)  (670,50)
Dijon  (1861,1158)  (1801,1196)  (1788,1180)  (1815,1217)
W.U.S  (34,558)  (29,604)  (13,512)  (16,650)  (14,696)  (71,531)  (8,410)  (14,464)
Kazakh  (3268,760)  (3222,805)  (3222,779)  (3313,826)  (3268,734)  (3314,734)  (3314,780)  (3220,733)  (3212,871)  (3176,825)  (3176,779)  (3327,688)  (3174,733)  (3130,845)  (3342,952)
Kursk  (2776,836)  (2748,811)  (2803,863)  (2809,809)  (2760,880)
Fars  (3294,1896)  (3319,1872)  (3274,1921)  (3244,1947)  (3341,1843)  (3341,1940)  (3291,1829)  (3233,1882)
Toulouse  (1706,1318)  (1674,1352)  (1735,1360)
N.U.S  (320,482)  (343,454)  (323,523)
Normandy  (1653,1155)  (1636,1134)  (1664,1182)  (1615,1116)  (1673,1210)  (1593,1106)
Narvik  (2244,126)  (2260,98)  (2235,154)
Iceland  (1430,300)  (1417,281)  (1488,281)  (1453,249)  (1448,317)  (1404,249)  (1504,253)
sz7Atl  (672,808)  (626,853)  (626,807)  (717,854)  (672,762)  (718,762)  (718,808)  (671,899)  (625,899)  (580,853)  (580,807)  (763,854)  (763,900)  (717,900)  (579,900)  (635,716)  (681,716)  (727,716)  (764,762)  (764,808)  (773,707)  (534,854)  (534,808)  (809,854)  (809,900)  (533,913)  (635,670)  (681,670)  (727,670)  (810,753)  (810,799)  (773,661)  (488,867)  (488,821)  (488,775)  (487,913)  (442,867)  (442,821)  (442,775)  (441,913)  (396,867)  (396,821)  (396,775)  (395,913)  (350,867)  (350,821)  (350,775)  (349,913)
sz8Atl  (841,311)  (795,356)  (795,310)  (886,357)  (841,265)  (887,265)  (887,311)  (793,264)  (840,402)  (794,402)  (932,357)  (932,403)  (886,403)  (839,219)  (885,219)  (931,219)  (933,265)  (933,311)  (751,218)  (748,426)  (840,448)  (794,448)  (946,449)  (900,449)  (702,449)  (797,173)  (843,173)  (889,173)  (935,173)  (751,172)  (748,472)  (854,494)  (808,494)  (946,495)  (900,495)  (702,495)  (656,495)  (656,449)  (797,127)  (843,127)  (889,127)  (935,127)  (751,126)  (762,518)  (854,540)  (808,540)  (946,541)  (900,541)  (716,541)  (670,541)  (797,81)  (843,81)  (889,81)  (935,81)  (751,80)  (762,564)  (797,35)  (843,35)  (889,35)  (935,35)  (751,34)
sz9Atl  (1220,228)  (1174,273)  (1174,227)  (1265,274)  (1220,182)  (1266,182)  (1266,228)  (1172,181)  (1219,319)  (1173,319)  (1128,273)  (1128,227)  (1311,274)  (1311,320)  (1265,320)  (1127,320)  (1218,136)  (1264,136)  (1310,136)  (1312,182)  (1312,228)  (1126,181)  (1126,135)  (1172,135)  (1356,92)  (1219,365)  (1173,365)  (1082,274)  (1082,228)  (1357,327)  (1311,366)  (1265,366)  (1127,366)  (1081,366)  (1081,320)  (1218,90)  (1264,90)  (1310,90)  (1358,138)  (1080,182)  (1080,136)  (1080,90)  (1126,89)  (1172,89)  (1364,373)  (1356,46)  (1402,46)  (1402,92)  (1219,411)  (1173,411)  (1036,274)  (1036,228)  (1318,412)  (1272,412)  (1127,412)  (1081,412)  (1035,412)  (1035,366)  (1035,320)  (1035,44)  (1218,44)  (1264,44)  (1310,44)  (1404,138)  (1034,182)  (1034,136)  (1034,90)  (1081,43)  (1127,43)  (1410,364)  (1410,410)  (1364,419)  (1439,184)  (1448,13)  (1448,59)  (1450,105)
C.Ortegal  (1449,1336)  (1424,1337)  (1398,1335)  (1434,1313)  (1480,1330)  (1474,1369)
Bodo  (2160,176)  (2095,283)  (2097,231)  (2112,195)  (2188,137)
Astraknan  (3092,951)  (3046,1002)  (3105,925)  (3138,971)  (3151,923)
N.Turkey  (3099,1301)  (3065,1279)  (3138,1281)  (3130,1374)  (3078,1347)  (3183,1355)
Tanger  (1425,1681)  (1400,1707)  (1417,1682)
Montpellier  (1763,1340)  (1785,1334)  (1751,1366)  (1818,1334)  (1742,1382)
Koenigsberg  (2292,882)  (2282,845)  (2299,897)  (2335,852)  (2308,850)  (2310,822)
Lebanon  (2992,1620)  (3004,1597)  (2979,1653)
E.Algeria  (1855,1762)  (1830,1780)  (1893,1781)  (1835,1821)  (1887,1821)  (1789,1801)  (1868,1760)
Krym  (2765,1151)
Tripoli  (2191,1866)  (2153,1858)  (2119,1879)  (2209,1906)  (2255,1909)
Warszawa  (2277,992)  (2277,962)  (2300,948)  (2323,962)  (2320,999)
Tobruk  (2450,1869)  (2415,1859)  (2490,1869)  (2534,1882)  (2435,1902)
Roma  (2134,1442)  (2118,1423)  (2100,1424)  (2088,1442)  (2098,1463)
N.Finnland  (2303,299)  (2337,268)  (2279,262)  (2333,238)  (2319,199)  (2275,200)  (2292,166)  (2297,131)
Washington  (298,568)  (298,549)  (281,534)  (263,546)  (271,572)
W.Czech  (2148,1058)  (2114,1063)  (2189,1060)  (2222,1067)  (2148,1038)  (2102,1046)  (2119,1101)  (2165,1099)  (2210,1094)
Baleares  (1761,1552)
C.Finnland  (2358,351)  (2322,357)  (2347,335)  (2404,407)
Lugansk  (2886,951)  (2849,916)  (2859,881)  (2869,993)  (2809,945)  (2895,916)
Poznan  (2195,905)  (2175,950)  (2198,880)  (2195,975)  (2210,950)  (2210,855)
Crete  (2602,1695)  (2554,1693)  (2647,1691)
W.Ire  (1420,882)  (1450,872)  (1446,836)  (1431,787)
Omsk  (3254,388)  (3208,463)  (3208,387)  (3299,434)  (3254,342)  (3300,342)  (3300,388)  (3206,341)  (3162,429)  (3342,480)  (3296,480)  (3252,296)  (3160,383)  (3160,337)  (3206,295)  (3156,291)  (3342,526)  (3114,419)  (3114,373)  (3207,249)  (3342,572)  (3068,414)
Persia  (3213,1553)  (3283,1522)  (3218,1473)  (3300,1603)  (3272,1471)  (3166,1520)  (3237,1605)  (3196,1419)  (3166,1591)  (3340,1560)
Greece  (2416,1492)  (2425,1460)  (2424,1537)  (2464,1434)  (2501,1415)  (2540,1403)
Genova  (1994,1310)  (1969,1276)  (1939,1314)  (1930,1287)  (1952,1267)  (1998,1266)
Estonia  (2378,617)  (2341,625)  (2389,606)  (2393,651)
Sochi  (3166,1176)  (3133,1195)  (3090,1203)  (3055,1181)  (3113,1173)
Leningrad  (2513,559)  (2515,538)  (2501,527)  (2484,533)  (2477,549)  (2479,568)
Lwow  (2455,1092)  (2400,1072)  (2440,1057)  (2365,1054)  (2400,1043)  (2468,1115)  (2475,1065)  (2496,1083)
Iraq  (3207,1748)  (3161,1781)  (3161,1735)  (3239,1794)  (3207,1702)  (3253,1702)  (3253,1748)  (3147,1689)  (3193,1827)  (3299,1707)
Napoli  (2173,1465)
N.Castle  (1659,785)  (1673,775)  (1646,804)  (1689,762)
Cyprus  (2860,1618)  (2881,1606)  (2837,1634)
Moldavskaya  (2569,1103)  (2596,1117)  (2545,1088)  (2593,1162)
Denmark  (2002,881)  (1995,860)  (1991,837)  (1987,818)  (1992,793)
Stavropol  (2990,1052)  (2974,1051)  (2954,1016)  (3008,1122)  (3038,1072)  (2948,1104)
Triesta  (2155,1233)  (2175,1221)  (2128,1244)
S.Greece  (2452,1591)
C.Norway  (1984,473)  (2030,456)  (2039,408)  (2051,372)
Armenia  (3176,1230)
Corsica  (1981,1425)
Paris  (1800,1154)  (1798,1111)  (1791,1121)  (1824,1115)  (1832,1133)
Koeln  (1955,990)  (1929,997)  (1977,978)  (1910,1021)  (1989,999)
E.Czech  (2283,1100)  (2258,1108)  (2318,1099)  (2238,1138)  (2349,1092)  (2274,1142)
Taranto  (2230,1472)  (2290,1494)
Manchester  (1660,848)  (1676,842)  (1654,874)  (1694,825)  (1691,865)
Serbia  (2336,1355)  (2336,1304)  (2379,1357)  (2330,1266)  (2314,1242)  (2321,1362)  (2386,1294)
Bilbao  (1563,1351)  (1628,1374)  (1566,1384)  (1527,1377)  (1530,1343)
Pskov  (2474,619)  (2456,613)  (2493,667)  (2442,591)  (2514,696)  (2455,684)  (2524,646)  (2496,610)
S.Canada  (347,324)  (301,369)  (301,323)  (392,370)  (352,278)  (393,324)  (398,273)  (255,373)  (255,327)  (438,370)  (209,381)  (209,335)  (484,337)  (163,401)  (541,335)
S.Egypt  (2777,1955)  (2733,1962)  (2795,1914)
S.Hempton  (1549,1008)  (1565,988)  (1581,1002)  (1604,981)  (1626,998)  (1635,970)  (1653,990)
S.Norway  (1969,580)  (1978,626)  (1952,534)  (1998,534)  (2015,580)
Dover  (1712,987)  (1688,991)  (1728,978)  (1739,996)
N.Canada  (371,96)  (325,141)  (325,95)  (416,142)  (371,50)  (417,50)  (417,96)  (323,49)  (370,187)  (324,187)  (279,141)  (279,95)  (462,142)  (462,188)  (416,188)  (463,13)  (463,59)  (277,49)  (301,233)  (233,162)  (233,116)  (508,105)  (508,151)  (509,13)  (509,59)  (231,70)  (231,24)  (555,67)  (185,72)
W.Sicilia  (2136,1619)
C.Turkey  (2957,1377)  (2911,1411)  (2911,1365)  (3002,1423)  (2957,1331)  (3003,1331)  (3003,1377)  (3049,1397)
Karchia  (2613,559)  (2586,537)  (2590,501)  (2643,509)  (2595,454)  (2592,409)  (2591,367)
St.Etienne  (1825,1303)  (1805,1256)  (1767,1306)
S.Nevada  (1566,1571)  (1591,1561)  (1612,1550)  (1528,1569)  (1538,1607)
Lithuania  (2385,820)  (2341,772)  (2386,845)  (2381,769)  (2317,799)  (2415,795)  (2421,769)
Norwich  (1736,959)  (1748,962)  (1756,921)  (1748,921)  (1739,927)
sz11Atl  (865,1058)  (819,1103)  (819,1057)  (910,1104)  (865,1012)  (911,1012)  (911,1058)  (817,1011)  (864,1149)  (818,1149)  (773,1103)  (773,1057)  (956,1104)  (956,1150)  (910,1150)  (772,1150)  (863,966)  (909,966)  (955,966)  (957,1012)  (957,1058)  (771,1011)  (771,965)  (817,965)  (1001,922)  (727,1104)  (727,1058)  (1002,1104)  (1002,1150)  (726,1184)  (864,920)  (910,920)  (725,1012)  (725,966)  (956,876)  (1002,876)  (681,1138)  (681,1092)  (680,1184)  (863,874)  (909,874)  (679,1046)  (679,1000)  (955,830)  (1001,830)  (635,1138)  (635,1092)  (634,1184)  (863,828)  (909,828)  (633,1046)  (633,1000)
Ankara  (2781,1421)  (2744,1418)  (2716,1391)  (2754,1377)  (2770,1355)  (2794,1339)  (2823,1324)
sz10Atl  (1021,656)  (975,701)  (975,655)  (1066,702)  (1021,610)  (1067,610)  (1067,656)  (1020,747)  (974,747)  (929,701)  (929,655)  (1112,702)  (1112,748)  (1066,748)  (928,748)  (994,564)  (1040,564)  (1086,564)  (1113,610)  (1113,656)  (883,702)  (883,656)  (882,778)  (994,518)  (1040,518)  (1086,518)
Evenki Okrug  (3302,109)  (3256,154)  (3256,84)  (3342,155)  (3302,63)  (3230,38)  (3296,200)  (3342,201)  (3276,17)  (3322,17)  (3184,21)  (3342,247)
sz15Atl  (1149,900)  (1103,945)  (1103,899)  (1194,946)  (1149,854)  (1195,854)  (1195,900)  (1101,853)  (1148,991)  (1102,991)  (1057,945)  (1057,899)  (1240,946)  (1240,992)  (1194,992)  (1056,992)  (1166,808)  (1212,808)  (1241,854)  (1241,900)  (1055,853)
Bosnia  (2260,1314)  (2235,1296)  (2280,1358)  (2288,1293)  (2246,1342)
sz14Atl  (1049,1331)  (1003,1376)  (1003,1330)  (1094,1377)  (1049,1285)  (1095,1285)  (1095,1331)  (1001,1284)  (1048,1422)  (1002,1422)  (957,1376)  (957,1330)  (1119,1423)  (1047,1239)  (1093,1239)  (955,1284)  (955,1238)  (1001,1238)  (1073,1468)  (1027,1468)  (911,1410)  (911,1364)  (1119,1469)  (1050,1193)  (1096,1193)  (909,1318)  (909,1272)  (1073,1514)  (1027,1514)  (1119,1515)  (1050,1147)  (1096,1147)  (1073,1560)  (1027,1560)  (1119,1561)  (1050,1101)  (1096,1101)
sz13Atl  (1095,1774)  (1049,1819)  (1049,1773)  (1140,1820)  (1095,1728)  (1141,1728)  (1141,1774)  (1047,1727)  (1094,1865)  (1003,1819)  (1003,1773)  (1186,1820)  (1186,1866)  (1140,1866)  (1093,1682)  (1139,1682)  (1185,1682)  (1187,1728)  (1187,1774)  (1001,1727)  (1001,1681)  (1047,1681)  (1048,1879)  (1094,1911)  (1186,1912)  (1140,1912)  (1093,1636)  (1139,1636)  (1185,1636)  (983,1635)  (1029,1635)  (1002,1919)  (1048,1925)
sz12Atl  (722,1309)  (676,1354)  (676,1308)  (767,1355)  (722,1263)  (768,1263)  (768,1309)  (674,1262)  (721,1400)  (675,1400)  (630,1354)  (630,1308)  (813,1355)  (813,1401)  (767,1401)  (629,1401)  (814,1232)  (814,1278)  (628,1262)
sz19Atl  (1696,126)  (1650,171)  (1650,125)  (1741,172)  (1696,80)  (1742,80)  (1742,126)  (1648,79)  (1695,217)  (1649,217)  (1604,171)  (1604,125)  (1787,172)  (1787,218)  (1741,218)  (1603,218)  (1694,34)  (1740,34)  (1786,34)  (1788,80)  (1788,126)  (1602,79)  (1602,33)  (1648,33)  (1832,13)  (1558,172)  (1558,126)  (1833,172)  (1833,218)  (1834,59)  (1834,105)  (1556,80)  (1556,34)  (1512,191)  (1512,145)
sz18Atl  (1683,386)  (1637,391)  (1637,345)  (1728,432)  (1683,340)  (1729,340)  (1729,386)  (1682,437)  (1591,391)  (1591,345)  (1736,478)  (1690,483)  (1644,483)  (1545,391)  (1545,345)  (1736,524)  (1690,529)  (1644,529)  (1499,391)  (1736,570)
sz17Atl  (1487,537)  (1441,582)  (1441,536)  (1532,583)  (1487,491)  (1533,491)  (1533,537)  (1439,490)  (1486,628)  (1440,628)  (1554,629)  (1485,445)  (1531,445)  (1577,445)  (1579,491)  (1579,537)
sz16Atl  (1238,588)  (1192,633)  (1192,587)  (1247,634)  (1238,542)  (1284,542)  (1284,588)  (1190,541)  (1201,679)  (1247,680)  (1236,496)  (1282,496)  (1328,496)  (1330,542)  (1330,588)  (1165,495)  (1201,725)  (1247,726)
Sardinia  (1976,1524)  (1981,1499)  (1974,1554)
Lyon  (1854,1223)  (1866,1191)  (1863,1254)
Malta  (2157,1726)
Kaluga  (2813,745)  (2776,740)  (2781,700)  (2750,687)  (2779,651)
C.Morocco  (1478,1827)  (1443,1827)  (1517,1827)  (1481,1765)  (1442,1766)  (1523,1765)  (1442,1836)  (1492,1736)  (1402,1830)  (1550,1834)
Sevilla  (1440,1550)  (1460,1564)  (1483,1604)  (1416,1547)  (1400,1567)
sz20Nrt  (2068,91)  (2022,136)  (2022,90)  (2089,137)  (2068,45)  (2114,45)  (2114,91)  (2020,44)  (1976,178)  (1976,132)  (2160,13)  (2160,59)  (1974,86)  (1974,40)  (1930,178)  (1930,132)  (2206,13)  (1928,86)  (1928,40)
sz22Nrt  (1907,388)  (1861,433)  (1861,387)  (1938,434)  (1907,342)  (1953,342)  (1953,388)  (1859,341)  (1868,479)  (1822,479)  (1815,433)  (1815,387)  (1920,296)  (1966,296)  (1999,342)  (1813,341)  (2012,283)  (1861,525)  (1815,525)  (1919,250)  (1965,250)  (2011,237)  (1860,571)  (1814,571)  (1863,617)
Belgium  (1854,1035)  (1821,1024)  (1856,1016)  (1881,1050)  (1862,1066)  (1805,1014)
sz21Nrt  (2482,57)  (2436,72)  (2436,26)  (2528,13)  (2528,59)  (2390,64)  (2390,18)  (2574,13)  (2344,35)  (2620,13)  (2298,22)
sz24Nrt  (1767,830)  (1793,810)  (1791,875)  (1741,789)  (1804,788)  (1746,875)
Denizli  (2646,1531)  (2674,1544)  (2720,1559)
sz23Nrt  (1746,701)  (1714,718)  (1772,680)  (1792,729)  (1723,654)
sz26Btc  (2068,838)  (2102,843)  (2137,844)  (2038,753)  (2004,684)
sz25Nrt  (1889,817)  (1909,791)  (1870,843)  (1911,739)  (1856,739)  (1925,854)
sz28Btc  (2245,615)  (2266,596)  (2225,644)  (2223,562)  (2215,512)  (2209,465)  (2266,672)
sz27Btc  (2185,798)  (2217,780)  (2245,753)  (2189,748)  (2269,798)  (2231,820)
Lodz  (2227,976)  (2240,948)  (2253,997)  (2222,999)  (2257,948)  (2280,925)
Nikolsk  (2953,456)  (2907,525)  (2907,459)  (2998,532)  (2953,440)  (2999,452)  (2899,433)  (2952,571)  (3044,500)  (2945,394)  (2864,387)
sz29ECh  (1778,971)  (1801,949)  (1728,1026)  (1830,928)
sz38Med  (1760,1481)  (1791,1461)  (1714,1501)  (1673,1521)  (1825,1439)  (1809,1387)  (1826,1541)  (1786,1558)
Portugal  (1364,1460)  (1376,1440)  (1355,1486)  (1390,1411)  (1348,1519)  (1398,1393)  (1343,1549)
sz39Med  (1731,1618)  (1693,1617)  (1766,1618)  (1662,1618)  (1802,1619)
N.Scottland  (1604,676)  (1620,662)  (1609,640)  (1628,629)  (1612,616)  (1632,593)  (1654,593)
sz34Atl  (1532,1209)  (1555,1183)  (1507,1238)  (1578,1161)  (1481,1261)  (1528,1283)  (1555,1256)  (1577,1232)  (1601,1206)  (1576,1296)  (1604,1257)  (1528,1141)  (1498,1169)  (1468,1204)
Polesie  (2449,996)  (2489,956)  (2498,998)  (2442,950)  (2471,1039)  (2470,926)  (2455,1017)  (2439,916)  (2508,913)
sz35Atl  (1276,1323)  (1230,1368)  (1230,1322)  (1321,1369)  (1276,1277)  (1322,1277)  (1322,1323)  (1228,1276)  (1275,1414)  (1229,1414)  (1184,1368)  (1184,1322)  (1183,1415)  (1368,1241)  (1182,1276)  (1414,1241)  (1274,1368)
sz36Atl  (1276,1602)  (1259,1557)  (1237,1509)  (1294,1649)  (1315,1695)  (1216,1464)  (1361,1640)  (1172,1519)  (1175,1576)  (1259,1706)
sz37Med  (1537,1667)  (1495,1664)  (1568,1663)  (1607,1648)  (1451,1659)
sz30ECh  (1599,1046)  (1565,1051)  (1624,1037)  (1660,1029)  (1529,1062)
sz31Atl  (1419,944)  (1373,989)  (1373,943)  (1465,930)  (1465,976)  (1352,897)  (1327,989)  (1327,943)  (1511,922)  (1511,968)  (1306,897)
Sidra  (2340,1953)  (2303,1937)  (2383,1929)
sz32Atl  (1378,739)  (1332,784)  (1332,738)  (1380,785)  (1378,693)  (1424,693)  (1330,692)  (1470,678)  (1516,678)  (1569,820)
sz33Atl  (1313,1116)  (1267,1161)  (1267,1115)  (1358,1162)  (1313,1070)  (1359,1070)  (1359,1116)  (1265,1069)  (1221,1194)  (1221,1148)  (1404,1162)  (1405,1036)  (1405,1082)  (1219,1102)  (1219,1056)  (1175,1194)  (1175,1148)  (1451,1036)  (1451,1082)  (1173,1102)  (1173,1056)
Odessa  (2680,1078)  (2680,1048)  (2743,1086)  (2641,1117)  (2660,1041)  (2710,1100)
Central U.S  (198,505)  (225,486)  (170,529)  (257,459)  (139,562)  (291,436)
C.Algeria  (1690,1820)  (1713,1768)  (1660,1803)  (1734,1747)  (1618,1794)  (1726,1820)  (1708,1737)  (1774,1745)  (1591,1793)
E.Sicilia  (2178,1643)
York  (1724,880)  (1714,894)  (1724,848)
S.Finnland  (2317,492)  (2301,454)  (2277,484)  (2348,526)  (2359,475)  (2288,541)
sz49Med  (2385,1640)  (2339,1677)  (2339,1631)  (2431,1657)  (2332,1585)  (2459,1703)
sz47Med  (2231,1811)  (2253,1789)  (2272,1768)  (2205,1769)  (2275,1835)  (2230,1856)
sz48Med  (2360,1776)  (2381,1756)  (2342,1807)  (2403,1735)  (2335,1852)  (2335,1733)  (2338,1898)
sz45Med  (2173,1521)  (2189,1556)  (2171,1572)
sz46Med  (2241,1658)  (2267,1639)  (2216,1686)  (2276,1595)  (2279,1691)
sz43Med  (2060,1590)  (2084,1573)  (2034,1615)  (2117,1555)  (2022,1560)  (2082,1636)
sz44Med  (2088,1772)  (2107,1752)  (2088,1705)  (2113,1686)  (2134,1798)
Madrid  (1463,1454)  (1431,1452)  (1500,1455)  (1470,1434)  (1463,1498)  (1444,1428)  (1506,1430)  (1428,1499)  (1504,1501)
N.Sweden  (2113,534)  (2078,505)  (2078,480)  (2084,450)  (2098,572)  (2109,412)
sz41Med  (1941,1378)  (1969,1361)  (1914,1396)  (1876,1402)
N.Algeria  (1841,1693)  (1835,1705)  (1900,1704)  (1804,1692)  (1913,1685)  (1816,1735)
Nuernberg  (2086,1156)  (2066,1092)  (2108,1122)  (2051,1107)
sz42Med  (2014,1463)  (2039,1445)  (2037,1499)  (2086,1500)
Izmir  (2639,1485)  (2678,1492)  (2678,1457)  (2689,1425)  (2646,1449)
Frankfurt  (1947,1075)  (1914,1072)  (1970,1118)  (1947,1047)  (1979,1072)  (1914,1051)
sz40Med  (1901,1550)  (1885,1579)  (1866,1610)  (1907,1514)  (1909,1475)  (1927,1615)  (1956,1593)
Kizbar  (3128,1095)  (3107,1096)  (3190,1094)  (3224,1132)  (3155,1053)  (3070,1126)
Minsk  (2655,865)  (2620,847)  (2677,892)  (2670,832)  (2705,864)  (2560,847)  (2626,898)  (2614,812)  (2566,898)  (2715,907)
Donetsk  (2749,990)  (2722,972)  (2778,1012)  (2682,957)  (2811,1032)  (2817,994)  (2782,972)  (2741,946)  (2713,1014)
sz56Med  (2678,1814)  (2705,1813)  (2643,1813)  (2740,1813)  (2641,1770)  (2688,1770)  (2736,1770)  (2645,1854)  (2696,1853)  (2743,1847)
sz57Med  (2838,1817)  (2812,1840)  (2869,1797)  (2867,1850)  (2798,1789)
Azerbaydzhan  (3274,1190)  (3246,1208)  (3304,1180)  (3318,1224)  (3285,1151)  (3216,1201)  (3264,1249)
Saudi Arabia  (3085,1905)  (3048,1871)  (3121,1918)  (3010,1852)  (3155,1943)  (3115,1852)  (3023,1919)  (3079,1949)
sz58Med  (2739,1656)  (2784,1702)  (2738,1702)  (2768,1610)  (2785,1656)  (2692,1715)  (2814,1587)  (2647,1644)
sz59Med  (2909,1656)  (2936,1702)  (2890,1702)  (2925,1610)
Moscow  (2847,708)  (2824,703)  (2816,682)  (2828,666)  (2849,667)  (2857,695)
Foggia  (2135,1390)  (2191,1435)
Syria  (3051,1532)  (3005,1553)  (3067,1588)  (3030,1496)  (3076,1496)  (3097,1542)  (3122,1460)
Rostock  (2078,907)  (2052,904)  (2130,925)  (2100,920)  (2081,882)  (2160,905)  (2165,930)  (2174,875)
Barcelona  (1647,1431)  (1640,1456)  (1676,1431)  (1661,1403)  (1622,1407)  (1611,1443)  (1623,1488)  (1708,1415)
sz50Adr  (2286,1533)  (2334,1533)  (2274,1405)  (2307,1427)  (2311,1477)
sz51Adr  (2120,1326)  (2149,1316)  (2163,1376)  (2188,1359)  (2215,1405)
sz52Med  (2540,1591)  (2579,1589)  (2574,1552)  (2544,1536)  (2513,1504)  (2487,1487)  (2543,1465)
Saratov  (2996,846)  (2951,833)  (2901,839)  (2891,797)  (2932,800)  (3002,810)
sz53Med  (2520,1639)  (2549,1638)  (2587,1638)  (2516,1718)  (2552,1723)  (2593,1726)
Rostov  (2893,1071)  (2913,1060)  (2899,1121)  (2939,1138)  (2881,1044)
London  (1706,933)  (1692,915)  (1678,913)  (1665,920)  (1656,930)  (1658,945)  (1668,952)  (1679,928)
Switzerland  (1952,1206)  (1929,1206)  (1980,1212)
sz54Med  (2518,1792)  (2479,1792)  (2559,1793)  (2530,1834)  (2570,1844)
Ajdabiya  (2493,1930)  (2528,1930)  (2453,1955)  (2413,1951)  (2565,1957)
Latvia  (2384,703)  (2310,723)  (2429,721)  (2357,729)  (2374,679)  (2418,696)
Tunis  (2057,1749)  (2034,1755)  (2014,1739)  (2025,1714)  (2051,1713)
Albania  (2363,1473)  (2356,1427)  (2355,1409)  (2344,1387)
Firenze  (2074,1383)  (2045,1378)  (2095,1387)
Tabriz  (3324,1342)  (3297,1316)  (3350,1375)  (3342,1450)  (3287,1376)  (3336,1298)  (3296,1280)
Reims  (1842,1085)  (1829,1073)  (1812,1077)  (1850,1107)
E.U.S  (222,609)  (240,592)  (203,632)
Dresden  (2109,964)  (2115,941)  (2097,988)  (2133,997)  (2093,954)
Austrie  (2137,1179)  (2174,1178)  (2176,1137)  (2142,1146)  (2107,1194)  (2074,1193)  (2031,1197)
E.Tunesia  (2033,1822)  (2026,1783)  (2070,1834)  (2103,1841)
Archangelsk  (2743,159)  (2697,234)  (2697,158)  (2788,245)  (2789,199)  (2742,290)  (2696,290)  (2651,244)  (2789,153)
sz61Blk  (2850,1211)  (2827,1233)  (2871,1189)  (2806,1253)  (2893,1172)  (2951,1207)  (2929,1235)  (2905,1258)  (2711,1247)  (2737,1223)
sz62Csp  (3273,1054)  (3227,1035)  (3318,1100)  (3209,989)  (3255,954)  (3269,908)
sz60Blk  (2655,1322)  (2648,1289)  (2701,1321)  (2644,1234)  (2655,1182)  (2666,1151)
Bordeaux  (1659,1285)  (1665,1262)  (1640,1320)
N.Ire  (1467,785)
Vyborg  (2410,493)  (2438,514)  (2451,469)
Hungary  (2287,1214)  (2253,1183)  (2327,1196)  (2340,1151)  (2227,1178)  (2350,1128)  (2239,1217)  (2290,1224)  (2295,1146)
Murmansk  (2408,158)  (2362,158)  (2454,138)  (2454,184)  (2500,152)  (2359,123)  (2406,128)
S.Scottland  (1626,741)  (1651,737)  (1604,755)  (1606,715)
Pavlovsk  (2961,965)  (2938,944)  (2965,910)  (2934,893)
Bulgaria  (2503,1379)  (2529,1331)  (2471,1360)  (2560,1310)  (2460,1378)  (2577,1284)  (2460,1324)  (2526,1382)  (2571,1344)
there be dragons  (2142,919)  (2176,913)  (2200,885)  (2215,857)  (2185,872)  (2154,884)
S.U.S  (42,781)  (40,827)  (72,725)  (118,705)  (61,873)  (65,679)  (111,659)  (69,919)
Le Havre  (1705,1096)  (1723,1087)  (1679,1100)
JAH 2011  (158,1619)  (112,1664)  (112,1618)  (203,1665)  (158,1573)  (204,1573)  (204,1619)  (110,1572)  (157,1710)  (111,1710)  (66,1664)  (66,1618)  (249,1665)  (249,1711)  (203,1711)  (65,1711)  (156,1527)  (250,1542)  (250,1588)  (64,1572)  (64,1526)  (110,1526)  (157,1756)  (111,1756)  (20,1665)  (20,1619)  (295,1634)  (295,1680)  (295,1726)  (249,1757)  (203,1757)  (65,1757)  (19,1757)  (19,1711)  (156,1481)  (296,1542)  (296,1588)  (18,1573)  (18,1527)  (18,1481)  (64,1480)  (110,1480)  (341,1634)  (341,1680)  (341,1726)  (68,1803)  (22,1803)  (13,1435)  (156,1435)  (342,1542)  (342,1588)  (59,1434)  (105,1434)  (68,1849)  (22,1849)  (13,1389)  (151,1389)  (59,1388)  (105,1388)  (68,1895)  (22,1895)  (13,1343)  (151,1343)  (59,1342)  (105,1342)  (339,1937)  (293,1937)  (247,1937)  (201,1937)  (155,1937)  (109,1941)  (63,1941)  (17,1941)  (13,1297)  (151,1297)  (59,1296)  (105,1296)  (13,1251)  (151,1251)  (59,1250)  (105,1250)
Venezia  (2051,1277)  (2058,1249)  (2052,1321)  (2087,1231)  (2035,1230)  (2026,1329)  (2087,1346)
Macedonia  (2395,1445)  (2414,1404)
Wilno  (2486,836)  (2438,810)  (2492,793)  (2436,840)  (2472,766)  (2469,860)  (2440,875)  (2490,879)
Jordan  (3034,1734)  (3049,1775)  (3049,1688)  (3086,1655)  (3019,1792)  (3081,1760)
Istanbul  (2591,1378)  (2625,1382)  (2589,1411)
Muenchen  (1998,1166)  (1962,1152)  (2007,1113)  (2026,1154)  (2012,1089)
W.Tunesia  (1965,1777)  (1970,1780)  (1962,1840)
Vologda  (2745,469)  (2699,476)  (2699,430)  (2754,515)  (2745,423)  (2791,449)  (2724,377)  (2698,591)
Libya  (2176,1949)  (2142,1945)  (2221,1962)  (2271,1962)
E.Scottland  (1653,670)  (1669,647)  (1634,692)
Wales  (1627,946)  (1605,943)  (1572,934)  (1602,917)  (1630,916)  (1610,900)  (1627,885)  (1601,873)
Lublin  (2405,995)  (2353,965)  (2355,1010)  (2384,958)  (2385,1022)  (2422,1012)  (2410,944)
N.Tunesia  (1975,1696)  (1994,1679)  (1963,1727)
Cairo  (2762,1924)  (2738,1927)  (2726,1912)  (2734,1898)  (2752,1891)
Lille  (1777,1069)  (1791,1041)
Gleiwitz  (2156,1020)  (2181,984)  (2207,1047)  (2155,978)  (2149,955)  (2201,1019)
Sahara  (1654,1925)  (1608,1952)  (1608,1906)  (1654,1879)  (1700,1879)  (1700,1925)  (1562,1952)  (1562,1906)  (1746,1867)  (1746,1913)  (1516,1952)  (1792,1865)  (1792,1911)  (1470,1952)  (1838,1869)  (1838,1915)  (1436,1906)  (1424,1952)  (1884,1867)  (1884,1913)  (1378,1952)  (1930,1908)  (1332,1952)  (1976,1926)  (1286,1952)  (2022,1952)  (1240,1952)
S.Tunesia  (2048,1890)  (2022,1879)  (2077,1906)  (1992,1884)  (2092,1940)  (2075,1866)
Svedlovsk  (3164,555)  (3118,594)  (3118,548)  (3209,601)  (3164,509)  (3210,525)  (3110,502)  (3255,571)  (3255,617)
El Alamein  (2638,1915)  (2608,1906)  (2577,1914)  (2679,1915)
S.Turkey  (2816,1465)  (2780,1466)  (2861,1462)  (2829,1451)  (2832,1526)  (2734,1472)  (2908,1471)  (2786,1524)  (2959,1471)
E.Romania  (2510,1223)  (2511,1170)  (2550,1216)  (2510,1133)  (2583,1239)  (2493,1215)  (2554,1150)
Palestine  (2956,1825)  (2982,1760)  (2934,1826)  (2990,1718)  (2910,1863)  (2985,1688)
Hamburg  (2022,919)  (2042,921)  (2066,930)  (1998,945)
E.Egypt  (2903,1940)  (2863,1938)  (2945,1937)  (2837,1923)  (2987,1945)
S.Sweden  (2108,687)  (2131,743)  (2070,641)  (2141,633)
Olonets  (2480,420)  (2499,441)  (2524,464)  (2546,484)  (2462,397)
Belomorsk  (2458,290)  (2434,308)  (2491,346)  (2405,281)  (2527,358)  (2459,272)  (2433,355)
Leipzig  (2044,1066)  (2016,1046)  (2078,1023)  (2102,1009)  (1996,1043)
E.Ire  (1522,778)
C.Spain  (1554,1462)  (1540,1494)  (1538,1514)  (1582,1508)  (1569,1431)  (1542,1439)
Novgorod  (2566,584)  (2542,582)  (2590,630)
Netherlands  (1874,971)  (1898,949)  (1903,923)  (1848,978)
Gibraltar  (1417,1618)
Ukrainskaya  (2551,1043)  (2540,956)  (2561,991)  (2629,1029)  (2597,1053)  (2599,975)  (2522,1027)  (2590,934)  (2629,1069)  (2634,956)
Metz  (1915,1130)  (1882,1135)  (1883,1113)  (1905,1109)  (1935,1122)  (1910,1171)
Lappland  (2171,309)  (2125,351)  (2191,355)  (2139,263)  (2185,263)  (2231,282)  (2178,401)
Marseille  (1888,1364)  (1880,1289)  (1851,1311)
S.Ire  (1509,832)  (1502,864)
Bourges  (1727,1241)  (1752,1228)  (1711,1263)  (1712,1220)  (1749,1264)
Rzhev  (2675,704)  (2646,674)  (2705,737)  (2678,659)  (2670,767)  (2717,645)
Smolensk  (2563,777)  (2571,736)  (2522,820)  (2621,764)  (2532,790)  (2601,736)  (2523,750)  (2586,705)  (2560,675)
Kroatia  (2206,1248)  (2178,1283)  (2251,1250)
